01_01 99130 96224 97.068496
01_02 30130 28786 95.539330
01_03 7131 4173 58.519142
01_04 6315 5418 85.795724
01_05 76320 72202 94.604298
01_06 29535 28438 96.285763
01_07 9684 6780 70.012392
01_08 6708 5450 81.246273
01_09 214264 130741 61.018650
01_10 8343 7980 95.649047
01_11 33692 30651 90.974118
01_12 10428 7494 71.864212
01_13 5626 4652 82.687522
01_14 81155 74413 91.692440
01_15 55497 53848 97.028668
01_16 10477 9115 87.000095
01_17 69187 67385 97.395464
01_18 221560 216070 97.522116
01_19 28680 28106 97.998605
02_01 13979 13705 98.039917
02_02 12423 12322 99.186992
02_03 75132 72461 96.444924
02_04 25344 24373 96.168718
02_05 1115 1100 98.654709
02_06 62134 59570 95.873435
02_07 6516 6194 95.058318
02_08 4019 3855 95.919383
02_09 131992 131621 99.718922
02_10 2925 2925 100.000000
02_11 3245 3245 100.000000
02_12 78921 78569 99.553984
02_13 1771 1595 90.062112
02_14 1932 1793 92.805383
02_15 5643 5353 94.860890
03_02 25598 23292 90.991484
03_03 4260 2882 67.652582
03_04 100246 97258 97.019332
03_05 13460 12765 94.836553
03_06 6549 6337 96.762865
03_07 6433 5555 86.351624
03_08 1767 665 37.634409
03_09 37564 33422 88.973485
03_10 6167 4553 73.828442
03_11 3159 3008 95.220006
03_12 1295 1152 88.957529
03_13 3359 2474 73.652873
03_14 15606 11779 75.477380
03_15 630 618 98.095238
03_16 16302 15935 97.748742
03_17 8932 8645 96.786834
03_18 1454 324 22.283356
03_19 33022 30717 93.019805
03_20 21638 20096 92.873648
03_21 1915 1142 59.634465
03_22 3682 2016 54.752852
03_23 30580 27414 89.646828
03_24 49308 46778 94.868987
03_25 2232 1632 73.118280
03_26 669 320 47.832586
03_27 5830 5223 89.588336
03_28 5133 4546 88.564192
04_01 69287 67082 96.817585
04_02 86258 84669 98.157852
04_03 48110 45369 94.302640
04_04 51489 50322 97.733496
04_05 124123 121582 97.952837
04_06 47296 8891 18.798630
04_07 7378 5745 77.866631
04_08 4962 4405 88.774688
04_09 24684 23425 94.899530
04_10 68507 67249 98.163691
04_11 14482 14474 99.944759
04_12 9639 9445 97.987343
04_13 18857 18473 97.963621
04_14 5263 560 10.640319
04_15 1492 1435 96.179625
04_16 13023 12896 99.024802
04_17 8868 8863 99.943618
04_18 7488 7181 95.900107
04_19 932 931 99.892704
04_20 5530 5428 98.155515
04_21 11830 11297 95.494505
04_22 10283 9945 96.713021
04_23 59920 56795 94.784713
04_24 30124 29582 98.200770
04_25 22892 22290 97.370260
04_26 2214 2112 95.392954
04_27 6290 6242 99.236884
04_28 9510 9337 98.180862
04_29 25525 24090 94.378061
04_30 18763 18355 97.825508
04_31 49528 48109 97.134954
04_32 3213 3177 98.879552
04_33 11047 10689 96.759301
05_01 21947 21376 97.398278
05_02 20308 19596 96.493993
05_03 61991 59389 95.802617
05_04 23306 22805 97.850339
05_05 9341 8950 95.814153
05_06 18658 18307 98.118769
05_07 48113 46479 96.603828
05_08 76837 74101 96.439215
05_09 25267 23918 94.661020
06_01 5427 4903 90.344573
06_02 838 831 99.164678
06_03 41165 41108 99.861533
06_05 86658 83951 96.876226
06_07 63717 62203 97.623868
06_08 1841 1686 91.580663
06_09 80688 80138 99.318362
06_10 14580 14416 98.875171
06_11 4619 4159 90.041134
06_12 11638 11383 97.808902
06_13 14423 14316 99.258129
06_14 6044 5432 89.874255
07_01 6549 5390 82.302642
07_02 6715 6201 92.345495
07_03 15765 14449 91.652395
07_04 49513 48383 97.717771
07_05 12575 6453 51.316103
07_06 8455 7587 89.733885
07_07 19886 16742 84.189882
07_08 10383 10146 97.717423
07_09 20390 20226 99.195684
07_10 123624 121122 97.976121
07_11 13396 13247 98.887728
07_12 14162 12055 85.122158
07_13 3641 1536 42.186213
07_14 15421 14869 96.420466
07_15 6802 6524 95.912967
07_16 9785 9402 96.085846
07_17 7977 7684 96.326940
07_18 2434 1114 45.768283
08_01 36928 36535 98.935767
08_02 6446 6221 96.509463
08_03 8999 8889 98.777642
08_04 12314 11784 95.695956
08_05 105227 35095 33.351706
08_06 29199 29018 99.380116
08_07 1441 1437 99.722415
08_08 8661 8519 98.360466
08_09 37230 37072 99.575611
08_10 14547 14441 99.271327
08_11 11728 11354 96.811050
08_12 2025 1935 95.555556
08_13 1451 1450 99.931082
08_14 9116 8823 96.785871
08_15 33800 33320 98.579882
08_16 35348 35330 99.949078
08_17 35167 35045 99.653084
08_18 29980 29691 99.036024
08_19 8256 8227 99.648740
08_20 12449 12202 98.015905
08_21 84407 83633 99.083014
08_22 7757 7674 98.929999
08_23 91849 91416 99.528574
08_24 34429 34305 99.639839
08_25 1298 1255 96.687211
08_26 24556 23766 96.782864
08_27 11169 10986 98.361536
08_28 2048 1648 80.468750
09_01 855 837 97.894737
09_02 22182 21494 96.898386
09_03 8776 8703 99.168186
09_04 6131 5980 97.537107
09_05 16062 15804 98.393724
09_06 24236 23673 97.677009
09_07 3314 2876 86.783343
09_08 7589 3167 41.731453
10_01 54761 49501 90.394624
10_02 73363 70778 96.476425
10_03 110548 104084 94.152766
10_04 201594 174507 86.563588
11_01 10898 8957 82.189393
11_02 2166 2150 99.261311
11_03 8195 6783 82.769982
11_04 17326 16726 96.536996
11_05 109287 104216 95.359924
11_06 2304 1932 83.854167
11_07 1593 136 8.537351
11_08 3587 3289 91.692222
11_09 20834 20651 99.121628
11_10 1282 1281 99.921997
11_11 3981 3910 98.216529
11_12 3003 2998 99.833500
11_13 3789 3073 81.103193
11_14 1649 1380 83.687083
11_15 29435 27814 94.492951
11_16 21233 19668 92.629398
11_17 31288 30132 96.305293
11_18 2276 2022 88.840070
11_19 5120 4578 89.414062
11_20 33575 29780 88.696947
11_21 1838 1384 75.299238
11_22 14116 12759 90.386795
11_23 3771 2576 68.310793
11_24 5015 4860 96.909272
13_01 33236 32073 96.500782
13_02 4150 3907 94.144578
13_03 21015 19143 91.092077
13_04 14887 13683 91.912407
13_05 23870 20431 85.592794
13_06 6685 4787 71.608078
13_07 9731 8624 88.623985
13_08 147908 98594 66.659004
13_09 32458 29657 91.370386
13_10 10599 2948 27.813945
14_01 6259 2697 43.089950
14_02 1938 1274 65.737874
14_03 1201 419 34.887594
14_04 8448 7705 91.205019
14_05 4270 2940 68.852459
14_06 3874 3612 93.236964
14_07 5417 5230 96.547905
14_08 23883 22296 93.355106
14_09 15196 14196 93.419321
15_01 2814 2687 95.486851
15_02 41713 41123 98.585573
15_03 19817 19537 98.587072
15_04 28273 23797 84.168641
15_05 6323 5416 85.655543
15_06 30211 29178 96.580716
15_07 12429 12316 99.090836
15_08 33155 32061 96.700347
15_09 23178 22706 97.963586
15_10 11851 566 4.775968
15_11 1652 1627 98.486683
15_12 3684 3620 98.262758
15_13 57782 56470 97.729397
16_01 74587 72575 97.302479
16_02 3343 3046 91.115764
16_03 12793 12613 98.592981
16_04 55791 54132 97.026402
17_01 9375 8624 91.989333
17_02 32747 30545 93.275720
17_03 58642 52941 90.278299
17_04 63846 54648 85.593459
18_01 9987 9571 95.834585
18_02 11424 11374 99.562325
18_03 25647 25399 99.033025
18_04 12227 12104 98.994030
18_05 35656 35244 98.844514
18_06 24981 23933 95.804812
18_07 14405 13872 96.299896
18_08 3991 3955 99.097970
18_09 16612 16436 98.940525
18_10 8689 8509 97.928415
18_11 24612 23677 96.201040
18_12 12475 11699 93.779559
19_01 46841 13590 29.013044
19_02 4411 4176 94.672410
19_03 8177 8036 98.275651
19_04 54848 32436 59.137981
19_05 4762 3906 82.024360
19_06 14016 12750 90.967466
20_01 82710 80086 96.827469
20_02 25693 24283 94.512124
20_03 12785 12751 99.734063
20_04 135067 65934 48.815773
20_05 28030 24177 86.254014
20_06 16361 16264 99.407127
20_07 6080 6079 99.983553
21_01 41578 39638 95.334071
21_02 29437 26710 90.736148
21_03 35159 31137 88.560539
21_04 34156 31284 91.591521
22_01 65479 62308 95.157226
22_02 30525 29060 95.200655
22_03 71279 68602 96.244336
22_04 23345 22424 96.054830
22_05 74164 70390 94.911278
22_06 26678 23988 89.916785
22_07 130838 123779 94.604778
22_08 55270 51108 92.469694
22_09 25611 24807 96.860724
22_10 57706 55168 95.601844
22_11 25622 23875 93.181641
22_12 41134 37105 90.205183
22_13 30026 28302 94.258309
22_14 42209 40400 95.714184
22_15 36542 33619 92.000985
22_16 87702 80433 91.711706
22_17 78235 72430 92.580047
23_01 5512 4794 86.973875
23_02 100095 92763 92.674959
23_03 21837 20607 94.367358
23_04 134847 129689 96.174924
23_05 70135 65677 93.643687
24_01 43515 43449 99.848328
24_02 48725 47042 96.545921
24_03 29373 28885 98.338610
24_04 29630 29599 99.895376
24_05 96055 96047 99.991671
24_06 33979 33968 99.967627
24_07 54690 53498 97.820442
24_08 90774 90678 99.894243
24_09 118117 114876 97.256110
25_01 6908 6872 99.478865
25_02 15218 15136 99.461164
25_03 10902 10650 97.688498
25_04 35655 19528 54.769317
25_05 89506 85131 95.112060
25_06 12438 11270 90.609423
25_07 16516 15767 95.465004
25_08 9622 9547 99.220536
25_09 52579 50800 96.616520
25_10 22478 22115 98.385088
25_11 22704 12220 53.823115
25_12 5764 4461 77.394171
26_01 4784 3808 79.598662
26_02 27883 25687 92.124233
26_03 18751 17354 92.549731
26_04 8729 4453 51.013862
26_05 2728 2504 91.788856
26_06 1638 1316 80.341880
26_07 1463 1462 99.931647
26_08 3102 2172 70.019342
26_09 7330 4495 61.323329
26_10 8045 6902 85.792418
26_11 5890 4364 74.091681
26_12 1120 1116 99.642857
26_13 7394 6383 86.326751
26_14 1947 1946 99.948639
26_15 2147 2013 93.758733
26_16 3906 3694 94.572453
26_17 3985 3549 89.058971
26_18 26889 24607 91.513258
26_19 28320 26992 95.310734
26_20 2251 2151 95.557530
26_21 27929 25855 92.574027
26_22 8413 7186 85.415429
26_23 5134 5067 98.694975
26_24 3507 3398 96.891930
26_25 2361 2354 99.703515
26_26 4223 2974 70.423869
26_27 1681 1680 99.940512
26_28 7920 6743 85.138889
26_29 3329 2791 83.838991
26_30 918 521 56.753813
26_31 5403 3350 62.002591
26_32 4907 3792 77.277359
26_33 2287 2117 92.566681
26_34 6424 5950 92.621420
26_35 9865 7714 78.195641
26_36 12595 11021 87.502977
26_37 3783 3481 92.016918
26_38 3488 3434 98.451835
26_39 3406 3286 96.476806
26_40 4182 3713 88.785270
26_41 7006 4653 66.414502
27_01 16930 16490 97.401063
27_02 10883 10805 99.283286
27_03 5881 5281 89.797653
27_04 19874 19434 97.786052
27_05 36926 35591 96.384661
27_06 53963 52204 96.740359
27_07 57242 57044 99.654100
28_01 20342 19527 95.993511
28_02 30382 29882 98.354289
28_03 46951 45950 97.867990
28_04 27187 27046 99.481370
28_05 31426 30726 97.772545
28_06 44642 43376 97.164106
28_07 7849 7782 99.146388
28_08 20214 19696 97.437420
28_09 29945 28949 96.673902
28_10 3659 3129 85.515168
28_11 19697 18594 94.400162
28_12 1624 1574 96.921182
28_13 8994 8315 92.450523
28_14 16735 16035 95.817150
28_15 5579 5184 92.919878
28_16 18804 18607 98.952351
28_17 3748 3468 92.529349
28_18 7217 7074 98.018567
28_19 5396 5362 99.369904
28_20 7332 6591 89.893617
28_21 3677 3583 97.443568
28_22 8809 8676 98.490180
28_23 1511 1176 77.829252
28_24 4096 3965 96.801758
28_25 23814 23523 98.778030
28_26 6095 5610 92.042658
29_01 81029 78280 96.607387
29_02 11615 10752 92.569953
29_03 124481 113029 90.800202
29_04 10778 9704 90.035257
29_05 109305 103227 94.439413
29_06 10145 9312 91.789059
30_01 4493 3704 82.439350
30_02 14264 12918 90.563657
30_03 31273 28691 91.743677
30_04 42604 34551 81.098019
30_05 195721 180399 92.171509
30_06 24082 20872 86.670542
30_07 18327 16323 89.065313
30_08 67329 51587 76.619287
30_09 26025 23496 90.282421
30_10 47555 40685 85.553570
30_11 20678 15523 75.070123
31_01 28522 22380 78.465746
31_02 12518 8290 66.224637
31_03 16464 14641 88.927357
31_04 5795 5430 93.701467
31_05 29004 26521 91.439112
31_06 11247 10551 93.811683
31_07 15139 14570 96.241495
31_08 50277 46104 91.699982
31_09 15295 12999 84.988558
31_10 32406 25437 78.494723
31_11 15297 12122 79.244296
31_12 12348 11512 93.229673
31_13 39497 34255 86.728106
31_14 18813 16284 86.557168
32_01 29693 27176 91.523255
32_02 13349 11925 89.332534
32_03 14527 14227 97.934880
32_04 21897 20780 94.898845
32_05 25579 23955 93.651042
32_06 35388 33870 95.710410
32_07 1740 1716 98.620690
32_08 11952 10961 91.708501
32_09 16893 16081 95.193275
32_10 24365 21399 87.826801
01_01 99130 96224 97.068496
01_02 30130 28786 95.539330
01_03 7131 4173 58.519142
01_04 6315 5418 85.795724
01_05 76320 72202 94.604298
01_06 29535 28438 96.285763
01_07 9684 6780 70.012392
01_08 6708 5450 81.246273
01_09 214264 130741 61.018650
01_10 8343 7980 95.649047
01_11 33692 30651 90.974118
01_12 10428 7494 71.864212
01_13 5626 4652 82.687522
01_14 81155 74413 91.692440
01_15 55497 53848 97.028668
01_16 10477 9115 87.000095
01_17 69187 67385 97.395464
01_18 221560 216070 97.522116
01_19 28680 28106 97.998605
02_01 13979 13705 98.039917
02_02 12423 12322 99.186992
02_03 75132 72461 96.444924
02_04 25344 24373 96.168718
02_05 1115 1100 98.654709
02_06 62134 59570 95.873435
02_07 6516 6194 95.058318
02_08 4019 3855 95.919383
02_09 131992 131621 99.718922
02_10 2925 2925 100.000000
02_11 3245 3245 100.000000
02_12 78921 78569 99.553984
02_13 1771 1595 90.062112
02_14 1932 1793 92.805383
02_15 5643 5353 94.860890
03_02 25598 23292 90.991484
03_03 4260 2882 67.652582
03_04 100246 97258 97.019332
03_05 13460 12765 94.836553
03_06 6549 6337 96.762865
03_07 6433 5555 86.351624
03_08 1767 665 37.634409
03_09 37564 33422 88.973485
03_10 6167 4553 73.828442
03_11 3159 3008 95.220006
03_12 1295 1152 88.957529
03_13 3359 2474 73.652873
03_14 15606 11779 75.477380
03_15 630 618 98.095238
03_16 16302 15935 97.748742
03_17 8932 8645 96.786834
03_18 1454 324 22.283356
03_19 33022 30717 93.019805
03_20 21638 20096 92.873648
03_21 1915 1142 59.634465
03_22 3682 2016 54.752852
03_23 30580 27414 89.646828
03_24 49308 46778 94.868987
03_25 2232 1632 73.118280
03_26 669 320 47.832586
03_27 5830 5223 89.588336
03_28 5133 4546 88.564192
04_01 69287 67082 96.817585
04_02 86258 84669 98.157852
04_03 48110 45369 94.302640
04_04 51489 50322 97.733496
04_05 124123 121582 97.952837
04_06 47296 8891 18.798630
04_07 7378 5745 77.866631
04_08 4962 4405 88.774688
04_09 24684 23425 94.899530
04_10 68507 67249 98.163691
04_11 14482 14474 99.944759
04_12 9639 9445 97.987343
04_13 18857 18473 97.963621
04_14 5263 560 10.640319
04_15 1492 1435 96.179625
04_16 13023 12896 99.024802
04_17 8868 8863 99.943618
04_18 7488 7181 95.900107
04_19 932 931 99.892704
04_20 5530 5428 98.155515
04_21 11830 11297 95.494505
04_22 10283 9945 96.713021
04_23 59920 56795 94.784713
04_24 30124 29582 98.200770
04_25 22892 22290 97.370260
04_26 2214 2112 95.392954
04_27 6290 6242 99.236884
04_28 9510 9337 98.180862
04_29 25525 24090 94.378061
04_30 18763 18355 97.825508
04_31 49528 48109 97.134954
04_32 3213 3177 98.879552
04_33 11047 10689 96.759301
05_01 21947 21376 97.398278
05_02 20308 19596 96.493993
05_03 61991 59389 95.802617
05_04 23306 22805 97.850339
05_05 9341 8950 95.814153
05_06 18658 18307 98.118769
05_07 48113 46479 96.603828
05_08 76837 74101 96.439215
05_09 25267 23918 94.661020
06_01 5427 4903 90.344573
06_02 838 831 99.164678
06_03 41165 41108 99.861533
06_05 86658 83951 96.876226
06_07 63717 62203 97.623868
06_08 1841 1686 91.580663
06_09 80688 80138 99.318362
06_10 14580 14416 98.875171
06_11 4619 4159 90.041134
06_12 11638 11383 97.808902
06_13 14423 14316 99.258129
06_14 6044 5432 89.874255
07_01 6549 5390 82.302642
07_02 6715 6201 92.345495
07_03 15765 14449 91.652395
07_04 49513 48383 97.717771
07_05 12575 6453 51.316103
07_06 8455 7587 89.733885
07_07 19886 16742 84.189882
07_08 10383 10146 97.717423
07_09 20390 20226 99.195684
07_10 123624 121122 97.976121
07_11 13396 13247 98.887728
07_12 14162 12055 85.122158
07_13 3641 1536 42.186213
07_14 15421 14869 96.420466
07_15 6802 6524 95.912967
07_16 9785 9402 96.085846
07_17 7977 7684 96.326940
07_18 2434 1114 45.768283
08_01 36928 36535 98.935767
08_02 6446 6221 96.509463
08_03 8999 8889 98.777642
08_04 12314 11784 95.695956
08_05 105227 35095 33.351706
08_06 29199 29018 99.380116
08_07 1441 1437 99.722415
08_08 8661 8519 98.360466
08_09 37230 37072 99.575611
08_10 14547 14441 99.271327
08_11 11728 11354 96.811050
08_12 2025 1935 95.555556
08_13 1451 1450 99.931082
08_14 9116 8823 96.785871
08_15 33800 33320 98.579882
08_16 35348 35330 99.949078
08_17 35167 35045 99.653084
08_18 29980 29691 99.036024
08_19 8256 8227 99.648740
08_20 12449 12202 98.015905
08_21 84407 83633 99.083014
08_22 7757 7674 98.929999
08_23 91849 91416 99.528574
08_24 34429 34305 99.639839
08_25 1298 1255 96.687211
08_26 24556 23766 96.782864
08_27 11169 10986 98.361536
08_28 2048 1648 80.468750
09_01 855 837 97.894737
09_02 22182 21494 96.898386
09_03 8776 8703 99.168186
09_04 6131 5980 97.537107
09_05 16062 15804 98.393724
09_06 24236 23673 97.677009
09_07 3314 2876 86.783343
09_08 7589 3167 41.731453
10_01 54761 49501 90.394624
10_02 73363 70778 96.476425
10_03 110548 104084 94.152766
10_04 201594 174507 86.563588
11_01 10898 8957 82.189393
11_02 2166 2150 99.261311
11_03 8195 6783 82.769982
11_04 17326 16726 96.536996
11_05 109287 104216 95.359924
11_06 2304 1932 83.854167
11_07 1593 136 8.537351
11_08 3587 3289 91.692222
11_09 20834 20651 99.121628
11_10 1282 1281 99.921997
11_11 3981 3910 98.216529
11_12 3003 2998 99.833500
11_13 3789 3073 81.103193
11_14 1649 1380 83.687083
11_15 29435 27814 94.492951
11_16 21233 19668 92.629398
11_17 31288 30132 96.305293
11_18 2276 2022 88.840070
11_19 5120 4578 89.414062
11_20 33575 29780 88.696947
11_21 1838 1384 75.299238
11_22 14116 12759 90.386795
11_23 3771 2576 68.310793
11_24 5015 4860 96.909272
13_01 33236 32073 96.500782
13_02 4150 3907 94.144578
13_03 21015 19143 91.092077
13_04 14887 13683 91.912407
13_05 23870 20431 85.592794
13_06 6685 4787 71.608078
13_07 9731 8624 88.623985
13_08 147908 98594 66.659004
13_09 32458 29657 91.370386
13_10 10599 2948 27.813945
14_01 6259 2697 43.089950
14_02 1938 1274 65.737874
14_03 1201 419 34.887594
14_04 8448 7705 91.205019
14_05 4270 2940 68.852459
14_06 3874 3612 93.236964
14_07 5417 5230 96.547905
14_08 23883 22296 93.355106
14_09 15196 14196 93.419321
15_01 2814 2687 95.486851
15_02 41713 41123 98.585573
15_03 19817 19537 98.587072
15_04 28273 23797 84.168641
15_05 6323 5416 85.655543
15_06 30211 29178 96.580716
15_07 12429 12316 99.090836
15_08 33155 32061 96.700347
15_09 23178 22706 97.963586
15_10 11851 566 4.775968
15_11 1652 1627 98.486683
15_12 3684 3620 98.262758
15_13 57782 56470 97.729397
16_01 74587 72575 97.302479
16_02 3343 3046 91.115764
16_03 12793 12613 98.592981
16_04 55791 54132 97.026402
17_01 9375 8624 91.989333
17_02 32747 30545 93.275720
17_03 58642 52941 90.278299
17_04 63846 54648 85.593459
18_01 9987 9571 95.834585
18_02 11424 11374 99.562325
18_03 25647 25399 99.033025
18_04 12227 12104 98.994030
18_05 35656 35244 98.844514
18_06 24981 23933 95.804812
18_07 14405 13872 96.299896
18_08 3991 3955 99.097970
18_09 16612 16436 98.940525
18_10 8689 8509 97.928415
18_11 24612 23677 96.201040
18_12 12475 11699 93.779559
19_01 46841 13590 29.013044
19_02 4411 4176 94.672410
19_03 8177 8036 98.275651
19_04 54848 32436 59.137981
19_05 4762 3906 82.024360
19_06 14016 12750 90.967466
20_01 82710 80086 96.827469
20_02 25693 24283 94.512124
20_03 12785 12751 99.734063
20_04 135067 65934 48.815773
20_05 28030 24177 86.254014
20_06 16361 16264 99.407127
20_07 6080 6079 99.983553
21_01 41578 39638 95.334071
21_02 29437 26710 90.736148
21_03 35159 31137 88.560539
21_04 34156 31284 91.591521
22_01 65479 62308 95.157226
22_02 30525 29060 95.200655
22_03 71279 68602 96.244336
22_04 23345 22424 96.054830
22_05 74164 70390 94.911278
22_06 26678 23988 89.916785
22_07 130838 123779 94.604778
22_08 55270 51108 92.469694
22_09 25611 24807 96.860724
22_10 57706 55168 95.601844
22_11 25622 23875 93.181641
22_12 41134 37105 90.205183
22_13 30026 28302 94.258309
22_14 42209 40400 95.714184
22_15 36542 33619 92.000985
22_16 87702 80433 91.711706
22_17 78235 72430 92.580047
23_01 5512 4794 86.973875
23_02 100095 92763 92.674959
23_03 21837 20607 94.367358
23_04 134847 129689 96.174924
23_05 70135 65677 93.643687
24_01 43515 43449 99.848328
24_02 48725 47042 96.545921
24_03 29373 28885 98.338610
24_04 29630 29599 99.895376
24_05 96055 96047 99.991671
24_06 33979 33968 99.967627
24_07 54690 53498 97.820442
24_08 90774 90678 99.894243
24_09 118117 114876 97.256110
25_01 6908 6872 99.478865
25_02 15218 15136 99.461164
25_03 10902 10650 97.688498
25_04 35655 19528 54.769317
25_05 89506 85131 95.112060
25_06 12438 11270 90.609423
25_07 16516 15767 95.465004
25_08 9622 9547 99.220536
25_09 52579 50800 96.616520
25_10 22478 22115 98.385088
25_11 22704 12220 53.823115
25_12 5764 4461 77.394171
26_01 4784 3808 79.598662
26_02 27883 25687 92.124233
26_03 18751 17354 92.549731
26_04 8729 4453 51.013862
26_05 2728 2504 91.788856
26_06 1638 1316 80.341880
26_07 1463 1462 99.931647
26_08 3102 2172 70.019342
26_09 7330 4495 61.323329
26_10 8045 6902 85.792418
26_11 5890 4364 74.091681
26_12 1120 1116 99.642857
26_13 7394 6383 86.326751
26_14 1947 1946 99.948639
26_15 2147 2013 93.758733
26_16 3906 3694 94.572453
26_17 3985 3549 89.058971
26_18 26889 24607 91.513258
26_19 28320 26992 95.310734
26_20 2251 2151 95.557530
26_21 27929 25855 92.574027
26_22 8413 7186 85.415429
26_23 5134 5067 98.694975
26_24 3507 3398 96.891930
26_25 2361 2354 99.703515
26_26 4223 2974 70.423869
26_27 1681 1680 99.940512
26_28 7920 6743 85.138889
26_29 3329 2791 83.838991
26_30 918 521 56.753813
26_31 5403 3350 62.002591
26_32 4907 3792 77.277359
26_33 2287 2117 92.566681
26_34 6424 5950 92.621420
26_35 9865 7714 78.195641
26_36 12595 11021 87.502977
26_37 3783 3481 92.016918
26_38 3488 3434 98.451835
26_39 3406 3286 96.476806
26_40 4182 3713 88.785270
26_41 7006 4653 66.414502
27_01 16930 16490 97.401063
27_02 10883 10805 99.283286
27_03 5881 5281 89.797653
27_04 19874 19434 97.786052
27_05 36926 35591 96.384661
27_06 53963 52204 96.740359
27_07 57242 57044 99.654100
28_01 20342 19527 95.993511
28_02 30382 29882 98.354289
28_03 46951 45950 97.867990
28_04 27187 27046 99.481370
28_05 31426 30726 97.772545
28_06 44642 43376 97.164106
28_07 7849 7782 99.146388
28_08 20214 19696 97.437420
28_09 29945 28949 96.673902
28_10 3659 3129 85.515168
28_11 19697 18594 94.400162
28_12 1624 1574 96.921182
28_13 8994 8315 92.450523
28_14 16735 16035 95.817150
28_15 5579 5184 92.919878
28_16 18804 18607 98.952351
28_17 3748 3468 92.529349
28_18 7217 7074 98.018567
28_19 5396 5362 99.369904
28_20 7332 6591 89.893617
28_21 3677 3583 97.443568
28_22 8809 8676 98.490180
28_23 1511 1176 77.829252
28_24 4096 3965 96.801758
28_25 23814 23523 98.778030
28_26 6095 5610 92.042658
29_01 81029 78280 96.607387
29_02 11615 10752 92.569953
29_03 124481 113029 90.800202
29_04 10778 9704 90.035257
29_05 109305 103227 94.439413
29_06 10145 9312 91.789059
30_01 4493 3704 82.439350
30_02 14264 12918 90.563657
30_03 31273 28691 91.743677
30_04 42604 34551 81.098019
30_05 195721 180399 92.171509
30_06 24082 20872 86.670542
30_07 18327 16323 89.065313
30_08 67329 51587 76.619287
30_09 26025 23496 90.282421
30_10 47555 40685 85.553570
30_11 20678 15523 75.070123
31_01 28522 22380 78.465746
31_02 12518 8290 66.224637
31_03 16464 14641 88.927357
31_04 5795 5430 93.701467
31_05 29004 26521 91.439112
31_06 11247 10551 93.811683
31_07 15139 14570 96.241495
31_08 50277 46104 91.699982
31_09 15295 12999 84.988558
31_10 32406 25437 78.494723
31_11 15297 12122 79.244296
31_12 12348 11512 93.229673
31_13 39497 34255 86.728106
31_14 18813 16284 86.557168
32_01 29693 27176 91.523255
32_02 13349 11925 89.332534
32_03 14527 14227 97.934880
32_04 21897 20780 94.898845
32_05 25579 23955 93.651042
32_06 35388 33870 95.710410
32_07 1740 1716 98.620690
32_08 11952 10961 91.708501
32_09 16893 16081 95.193275
32_10 24365 21399 87.826801
